P = 72 ;
ys = [ -0.592871   -0.517473   -0.879495   -1.386441   -1.763807   -0.784595   -1.034305   -1.224436   -1.450989   -1.695964   -1.587361   -1.541679   -0.548419   -0.542581   -0.864163   -1.105668   -0.983094    0.086557    0.051287   -0.370404   -0.520017   -0.624552   -0.386509   -0.286887    1.370814    1.342092    1.253949    0.514884    0.456898    1.262990    0.876660    0.498409    0.342235    0.338140    0.521124    0.638186    1.782326    1.776044    1.444841    0.927717    0.618171    1.708703    1.711812    1.389001    1.200268    1.194613    1.560037    1.567039    2.392119    2.422778    1.852515    0.914330    0.538724    1.560196    0.840745    0.568874    0.086581   -0.276633   -0.372770   -0.705828    0.152692   -0.131709   -0.468032   -1.162277   -1.492944   -0.875532   -0.784541   -1.234973   -1.498326   -1.728600   -1.734796   -1.662914   -0.592871   -0.517473   -0.879495   -1.386441   -1.763807   -0.784595   -1.034305   -1.224436   -1.450989   -1.695964   -1.587361   -1.541679   -0.548419   -0.542581   -0.864163   -1.105668   -0.983094    0.086557    0.051287   -0.370404   -0.520017   -0.624552   -0.386509   -0.286887    1.370814    1.342092    1.253949    0.514884    0.456898    1.262990    0.876660    0.498409    0.342235    0.338140    0.521124    0.638186    1.782326    1.776044    1.444841    0.927717    0.618171    1.708703    1.711812    1.389001    1.200268    1.194613    1.560037    1.567039    2.392119    2.422778    1.852515    0.914330    0.538724    1.560196    0.840745    0.568874    0.086581   -0.276633   -0.372770   -0.705828    0.152692   -0.131709   -0.468032   -1.162277   -1.492944   -0.875532   -0.784541   -1.234973   -1.498326   -1.728600   -1.734796   -1.662914   -0.592871   -0.517473   -0.879495   -1.386441   -1.763807   -0.784595   -1.034305  ] ;
v = [  0.423065    0.478745    0.468924    0.599104    0.562785    0.592964    0.507144    0.316824    0.462004    0.266684    0.412864    0.331044    0.249724    0.337904    0.236583   -0.013737   -0.331057   -0.202377   -0.324697   -0.315517    0.113663    0.022843    0.288523    0.672702    1.051883    1.172563    1.453743    1.436923    1.261103    1.364283    1.353962    1.182643    1.128322    0.818002    0.585682    0.396362    0.195042    0.024222   -0.188598   -0.342419   -0.654739   -0.430059   -0.546878   -0.513699   -0.657519   -0.880339   -1.019159   -1.134479   -1.168799   -0.973620   -1.011440   -1.076259   -1.152579   -0.906900   -0.734219   -0.681039   -0.553360   -0.440680   -0.254000   -0.421320   -0.297140   -0.204960   -0.162780   -0.296600   -0.227920   -0.010240   -0.023061   -0.113380   -0.017701   -0.158021   -0.016341   -0.025661   -0.423064   -0.478745   -0.468924   -0.599104   -0.562785   -0.592964   -0.507144   -0.316824   -0.462004   -0.266684   -0.412864   -0.331044   -0.249723   -0.337904   -0.236583    0.013737    0.331056    0.202377    0.324697    0.315517   -0.113663   -0.022843   -0.288523   -0.672702   -1.051883   -1.172563   -1.453743   -1.436923   -1.261103   -1.364283   -1.353962   -1.182643   -1.128322   -0.818002   -0.585682   -0.396362   -0.195042   -0.024221    0.188599    0.342418    0.654739    0.430059    0.546879    0.513699    0.657519    0.880339    1.019159    1.134479    1.168799    0.973619    1.011440    1.076259    1.152579    0.906899    0.734220    0.681040    0.553360    0.440680    0.254000    0.421320    0.297140    0.204960    0.162780    0.296600    0.227920    0.010240    0.023061    0.113381    0.017700    0.158021    0.016340    0.025660    0.080898   -0.096141    0.083318    0.285778    0.021739    0.757199   -0.059341  ] ;
Ts = 1; 
unit = 'luna'; 
ntime = [ 1  2  3  4  5  6  7  8  9  10  11  12  13  14  15  16  17  18  19  20  21  22  23  24  25  26  27  28  29  30  31  32  33  34  35  36  37  38  39  40  41  42  43  44  45  46  47  48  49  50  51  52  53  54  55  56  57  58  59  60  61  62  63  64  65  66  67  68  69  70  71  72  73  74  75  76  77  78  79  80  81  82  83  84  85  86  87  88  89  90  91  92  93  94  95  96  97  98  99  100  101  102  103  104  105  106  107  108  109  110  111  112  113  114  115  116  117  118  119  120  121  122  123  124  125  126  127  128  129  130  131  132  133  134  135  136  137  138  139  140  141  142  143  144  145  146  147  148  149  150  151 ];
label = 'Somajul in SUA intre 1973 si 1985.(Zgomot colorat.)'; 
yunit = 'Rata lunara [%]'; 
