theta_0 = [ 3.947748363747318  0.003856878330390  0.000502187821321 ];
ysta = [ 0.225573  0.120638  0.605786  0.301016  0.246329  0.331725  0.017203  0.032765  0.368409  0.454136  0.299946  1.015839  0.161815  -0.052127  0.454014  0.070238  -0.033455  0.182934  -0.530593  -0.364038  -0.287400  -0.090679  -0.393876  0.453011  -0.330020  -0.472968  -0.005833  -0.608615  -0.391315  -0.273932  -0.476465  -0.648917  -0.721285  -0.163570  -0.495773  -0.047893  -0.379930  -0.611884  -0.193756  -0.365544  -0.377250  -0.408873  -0.470413  -0.391871  -0.553245  0.455463  -0.175746  0.183128  0.282084  0.381124  0.180246  0.759451  -0.121261  0.118110  0.067563  -0.832901  -0.283281  0.506420  -0.703795  0.686073  -0.253977  -0.253944  0.366172  0.486371  -0.173348  0.067017  0.137464  -0.552006  0.028607  0.289302  -0.119919  1.140942  -0.248114  0.032913  0.814023  0.585215  -0.493510  0.487848  -0.090711  -0.529187  0.042420  -0.005891  -0.024119  1.167736  0.089674  0.101694  0.953798  0.155984  -0.201747  0.160604  -0.666961  0.035556  -0.201843  -0.009160  -0.356395  1.576454  -0.050615  0.022400  0.015497  -0.181323  0.081939  -0.474715  -0.281287  -0.437776  -0.744182  0.549495  -0.156746  0.447097  0.141022  -0.204970  0.379120  0.373294  0.077550  -0.478110  0.086311  -0.709184  -0.324596  0.650074  -0.265172  1.459664  0.894582  0.229584  0.254668  0.719836  -0.534914  0.190419  -0.074166  -0.858667  -0.003086  0.642578  -0.841675  0.714155  -0.299933  -0.493937  -0.217859  0.228302  -0.875454  0.150872  0.097282  -0.916226  -0.369651  0.147007 ];
Ts = 1; 
unit = 'luna'; 
ntime = [ 1  2  3  4  5  6  7  8  9  10  11  12  13  14  15  16  17  18  19  20  21  22  23  24  25  26  27  28  29  30  31  32  33  34  35  36  37  38  39  40  41  42  43  44  45  46  47  48  49  50  51  52  53  54  55  56  57  58  59  60  61  62  63  64  65  66  67  68  69  70  71  72  73  74  75  76  77  78  79  80  81  82  83  84  85  86  87  88  89  90  91  92  93  94  95  96  97  98  99  100  101  102  103  104  105  106  107  108  109  110  111  112  113  114  115  116  117  118  119  120  121  122  123  124  125  126  127  128  129  130  131  132  133  134  135  136  137  138  139  140  141  142 ];
label = 'Circulatia monedei belgiene intre 1980 si 1990.(Serie stationarizata.)'; 
yunit = 'Rata lunara [mild. BFr]'; 
