theta_0 = [ 10.233386338338745  -0.070367036907179 ];
ysta = [ 2.364324  10.493325  5.752325  5.171326  3.460327  6.259328  4.148329  5.177330  1.746330  2.935331  0.704332  -2.246667  -2.387666  0.921335  -2.209665  -3.190664  -4.271663  -5.422662  -4.393661  -5.934661  -5.655660  -5.516659  -7.427658  -7.458657  -8.249656  -8.080656  -7.771655  -7.542654  -5.923653  -7.094652  -5.545651  -2.356651  -0.897650  2.881351  4.730352  7.359353  8.338354  9.367354  10.576355  17.245356  12.124357  11.483358  11.032359  10.051359  13.650360  8.249361  6.888362  3.077363  6.376363  4.155364  4.134365  0.253366  -2.227633  -1.868632  -0.979632  -4.270631  -4.111630  -3.332629  -5.783628  -4.004627  -5.965627  -5.006626  -5.967625  -4.388624  -6.379623  -7.040622  -7.581622  -7.272621  -6.123620  -7.184619  -6.665618  -5.836617  -5.017617  -2.958616  -2.149615  -2.090614  3.288387  -0.842613  1.366388  1.045389  4.414390  0.363391  1.862392  2.971392  2.710393  2.959394  1.968395  1.867396  3.456397  3.265397  3.574398  0.993399  1.472400  -0.468599  0.460402  -2.460598  -1.471597  -1.292596  0.046405  -1.464594  -3.245593  -1.806593  -5.257592  -4.488591  -4.789590  -3.510589  -1.951589  -2.812588  -5.623587  -6.994586  -4.675585  -6.576584  -6.667584  -5.588583  -7.269582  -5.390581  -5.801580  -6.142579  -4.283579  -3.034578  -2.215577  2.573424  -0.347575  5.131426  9.290426  2.799427  8.548428  11.277429  8.626430  9.085431  6.314431  9.163432  4.102433  8.351434  7.100435  8.969435  3.858436  4.947437  3.366438  2.235439  1.204440  0.853440  1.012441  -1.618558  -1.489557  -0.210556  -3.431555  -5.962555  -5.503554  -5.524553  -4.065552  -5.266551  -6.867550  -5.258550  -5.289549  -3.550548  -6.041547  -3.112546  -3.763545  -0.994545  -1.145544  1.763457  4.352458  5.491459  9.120459  6.059460  5.698461  8.867462 ];
Ts = 1; 
unit = 'luna'; 
ntime = [ 1  2  3  4  5  6  7  8  9  10  11  12  13  14  15  16  17  18  19  20  21  22  23  24  25  26  27  28  29  30  31  32  33  34  35  36  37  38  39  40  41  42  43  44  45  46  47  48  49  50  51  52  53  54  55  56  57  58  59  60  61  62  63  64  65  66  67  68  69  70  71  72  73  74  75  76  77  78  79  80  81  82  83  84  85  86  87  88  89  90  91  92  93  94  95  96  97  98  99  100  101  102  103  104  105  106  107  108  109  110  111  112  113  114  115  116  117  118  119  120  121  122  123  124  125  126  127  128  129  130  131  132  133  134  135  136  137  138  139  140  141  142  143  144  145  146  147  148  149  150  151  152  153  154  155  156  157  158  159  160  161  162  163  164  165  166  167  168 ];
label = 'Media numarului de pete solare observate intre 1976 si 1989.(Serie stationarizata.)'; 
yunit = 'Media lunara'; 
