P = 48 ;
ys = [  3.500107    1.592360    1.136603    0.082836   -0.418939    0.931275    1.233481    3.587676    3.743862    0.252038   -0.037795    0.574363    2.388510    1.554648    0.872777   -0.657103   -0.784994    1.539107    0.715197    2.693278    1.873350   -0.144588   -0.660535   -0.574493    1.113541   -0.696436   -1.304421   -1.410416   -2.664421   -1.816435   -0.666458   -0.014492   -0.510535   -0.654587   -1.146649   -1.786720    0.575198   -0.510892   -1.394992   -2.027102   -2.757220   -2.485349   -1.161487    0.064365    1.042208   -0.277959   -0.496135   -0.262321    3.500107    1.592360    1.136603    0.082836   -0.418939    0.931275    1.233481    3.587676    3.743862    0.252038   -0.037795    0.574363    2.388510    1.554648    0.872777   -0.657103   -0.784994    1.539107    0.715197    2.693278    1.873350   -0.144588   -0.660535   -0.574493    1.113541   -0.696436   -1.304421   -1.410416   -2.664421   -1.816435   -0.666458   -0.014492   -0.510535   -0.654587   -1.146649   -1.786720    0.575198   -0.510892   -1.394992   -2.027102   -2.757220   -2.485349   -1.161487    0.064365    1.042208   -0.277959   -0.496135   -0.262321    3.500107    1.592360    1.136603    0.082836   -0.418939    0.931275  ] ;
v = [  0.459821    0.412050    1.114279    1.316507    0.468736    0.370965    0.523194   -0.374578   -1.172349    0.279880   -0.667891   -0.615663    0.536567   -1.061204   -1.108976    0.093253   -1.304518   -1.252290   -1.650061   -2.147832   -2.745603   -1.943375   -1.741146   -2.138917   -1.936688   -1.434460   -1.532230   -1.930002   -0.977773   -0.425544   -2.173315   -2.121087   -1.318858   -1.266629   -0.464400   -0.912171   -1.159943   -0.357714   -1.155485   -0.903256   -0.851028   -0.698799   -0.296570   -0.394341   -0.342112    1.510116    1.162345    0.564574   -0.459821   -0.412050   -1.114279   -1.316507   -0.468736   -0.370965   -0.523193    0.374578    1.172349   -0.279880    0.667891    0.615663   -0.536566    1.061205    1.108976   -0.093253    1.304518    1.252290    1.650061    2.147832    2.745603    1.943375    1.741146    2.138917    1.936688    1.434460    1.532231    1.930002    0.977773    0.425544    2.173315    2.121087    1.318858    1.266629    0.464400    0.912171    1.159943    0.357714    1.155485    0.903257    0.851027    0.698799    0.296570    0.394341    0.342113   -1.510116   -1.162345   -0.564574   -3.593426   -2.450113   -0.956799   -1.663486   -2.420172   -3.226858  ] ;
Ts = 1; 
unit = 'luna'; 
ntime = [ 1  2  3  4  5  6  7  8  9  10  11  12  13  14  15  16  17  18  19  20  21  22  23  24  25  26  27  28  29  30  31  32  33  34  35  36  37  38  39  40  41  42  43  44  45  46  47  48  49  50  51  52  53  54  55  56  57  58  59  60  61  62  63  64  65  66  67  68  69  70  71  72  73  74  75  76  77  78  79  80  81  82  83  84  85  86  87  88  89  90  91  92  93  94  95  96  97  98  99  100  101  102 ];
label = 'Somajul in Canada intre 1979 si 1989.(Zgomot colorat.)'; 
yunit = 'Rata somajului [%]'; 
