P = 60 ;
ys = [ -3.006105    1.928720    0.484044    3.267368    1.367194    0.740017   -1.438657    0.086666    0.131491    1.303316    1.900641   -1.397534   -3.965710    2.084615   -0.032061    3.204263    0.884088    0.420913   -3.083263   -1.792939   -0.999114   -0.098789    0.580535   -2.584141   -5.335316    1.089009   -0.830166    1.960158   -0.253018   -1.099693   -3.624369   -1.821543   -1.659220   -1.311895    2.101930   -3.037746   -4.840921    1.239403   -1.096272    1.353552    0.283378   -1.108799   -3.788474   -0.836650   -1.271325   -0.317001    1.184325   -2.122351   -4.241027    1.325799   -0.507378    2.914448    0.741772   -1.408403   -1.248580    0.152246    1.011070    2.520894    0.267220   -2.861457   -3.006105    1.928720    0.484044    3.267368    1.367194    0.740017   -1.438657    0.086666    0.131491    1.303316    1.900641   -1.397534   -3.965710    2.084615   -0.032061    3.204263    0.884088    0.420913   -3.083263   -1.792939   -0.999114   -0.098789    0.580535   -2.584141   -5.335316    1.089009   -0.830166    1.960158   -0.253018   -1.099693   -3.624369   -1.821543   -1.659220   -1.311895    2.101930   -3.037746   -4.840921    1.239403   -1.096272    1.353552    0.283378   -1.108799   -3.788474   -0.836650   -1.271325   -0.317001    1.184325   -2.122351   -4.241027    1.325799   -0.507378    2.914448    0.741772   -1.408403   -1.248580    0.152246    1.011070    2.520894    0.267220   -2.861457   -3.006105    1.928720    0.484044    3.267368    1.367194    0.740017   -1.438657    0.086666    0.131491    1.303316    1.900641   -1.397534  ] ;
v = [  1.185763   -0.341237    0.917264    0.126764    0.373764    0.571764    0.844263    0.235764    1.107763    1.309763    0.833263    1.906263    2.347263    0.788763    1.816264    0.762764    0.460763    1.005764    0.626763    0.029263    1.216264    0.872764    0.683263    1.613764    2.588764    0.667264    0.886263    0.673763    0.623764    0.920263    0.769764    0.743763    0.807264    0.623764    2.952764    1.757264    2.450263    0.804763    1.918263    0.161264    1.213264    0.799264    1.221764    1.027764    0.503263    0.556763    0.549263    1.265763    2.369264    0.852264    0.994263    0.747263    0.525764    0.771763   -1.098237   -0.384236   -1.943237   -1.975236    0.585263    1.172764   -1.185763    0.341236   -0.917264   -0.126764   -0.373763   -0.571763   -0.844264   -0.235764   -1.107763   -1.309763   -0.833263   -1.906264   -2.347263   -0.788764   -1.816264   -0.762763   -0.460764   -1.005764   -0.626763   -0.029264   -1.216264   -0.872764   -0.683264   -1.613764   -2.588763   -0.667264   -0.886263   -0.673763   -0.623764   -0.920263   -0.769763   -0.743764   -0.807264   -0.623763   -2.952764   -1.757264   -2.450263   -0.804763   -1.918263   -0.161264   -1.213264   -0.799263   -1.221763   -1.027764   -0.503264   -0.556763   -0.549264   -1.265763   -2.369263   -0.852264   -0.994263   -0.747263   -0.525764   -0.771764    1.098237    0.384236    1.943237    1.975237   -0.585263   -1.172764    9.570710    0.610710    7.431209    1.555709    2.277709    0.678710    4.561210    3.075711    6.254709    6.463710    1.005210    4.129210  ] ;
Ts = 1; 
unit = 'luna'; 
ntime = [ 1  2  3  4  5  6  7  8  9  10  11  12  13  14  15  16  17  18  19  20  21  22  23  24  25  26  27  28  29  30  31  32  33  34  35  36  37  38  39  40  41  42  43  44  45  46  47  48  49  50  51  52  53  54  55  56  57  58  59  60  61  62  63  64  65  66  67  68  69  70  71  72  73  74  75  76  77  78  79  80  81  82  83  84  85  86  87  88  89  90  91  92  93  94  95  96  97  98  99  100  101  102  103  104  105  106  107  108  109  110  111  112  113  114  115  116  117  118  119  120  121  122  123  124  125  126  127  128  129  130  131  132 ];
label = 'Veniturile realizate din impozitele pe telefoane, in SUA, in anii ''80. (Zgomot colorat.)'; 
yunit = 'Venituri lunare [mil. USD]'; 
