theta_0 = [ 36.019961859231657  -0.007411981118665  -0.000288213796584 ];
ysta = [ -0.869665  -0.343754  -0.318132  -0.292797  -0.167750  0.257008  0.381479  0.305662  0.129557  0.153164  -0.023518  0.299513  -0.777744  -0.555288  -0.033121  -0.011242  -0.089651  0.431652  0.552668  0.473395  0.193834  0.213986  0.133849  1.153425  -0.427288  -0.208288  0.110424  -0.471152  -0.053017  0.364831  0.482391  0.499663  0.316647  0.233343  0.149751  0.465871  -0.318297  -0.302752  -0.187496  -0.372528  -0.357847  -0.043455  -0.029350  0.184466  -0.002005  0.011235  0.024188  0.436853  -0.150771  -0.238682  -0.026881  -0.015368  -0.004143  0.206794  0.417443  0.427804  -0.062123  0.047663  -0.042840  0.066369  -1.224710  -0.316076  -0.307731  -0.399673  -0.291904  -0.084422  0.122772  0.129677  -0.263705  -0.357375  -0.351333  -0.045579  -0.440113  -0.834935  -0.330045  -0.325443  -0.121129  0.182897  0.386635  0.390085  0.293248  0.296122  0.098709  0.501007  -0.096982  -0.095260  0.006175  0.207321  0.108180  0.408751  0.509034  0.409029  0.308735  0.008154  0.007285  0.406129  -0.395316  -0.497049  -0.199070  -0.301379  -0.103975  0.193140  0.089967  0.186507  -0.017242  -0.121278  -0.225603  0.169785 ];
Ts = 1; 
unit = 'luna'; 
ntime = [ 1  2  3  4  5  6  7  8  9  10  11  12  13  14  15  16  17  18  19  20  21  22  23  24  25  26  27  28  29  30  31  32  33  34  35  36  37  38  39  40  41  42  43  44  45  46  47  48  49  50  51  52  53  54  55  56  57  58  59  60  61  62  63  64  65  66  67  68  69  70  71  72  73  74  75  76  77  78  79  80  81  82  83  84  85  86  87  88  89  90  91  92  93  94  95  96  97  98  99  100  101  102  103  104  105  106  107  108 ];
label = 'Timpul mediu de lucru saptaminal in SUA intre 1979 si 1989.(Serie stationarizata.)'; 
yunit = 'Media lunara [ore]'; 
