P = 12 ;
ys = [-27.597902  -26.448789    1.589213   40.182772   60.998552   48.258777   -0.480999  -10.442997  -16.849438  -21.478103  -22.106767  -25.624320  -27.597902  -26.448789    1.589213   40.182772   60.998552   48.258777   -0.480999  -10.442997  -16.849438  -21.478103  -22.106767  -25.624320  -27.597902  -26.448789    1.589213   40.182772   60.998552   48.258777   -0.480999  -10.442997  -16.849438  -21.478103  -22.106767  -25.624320  -27.597902  -26.448789    1.589213   40.182772   60.998552   48.258777   -0.480999  -10.442997  -16.849438  -21.478103  -22.106767  -25.624320  -27.597902  -26.448789    1.589213   40.182772   60.998552   48.258777   -0.480999  -10.442997  -16.849438  -21.478103  -22.106767  -25.624320  -27.597902  -26.448789    1.589213   40.182772   60.998552   48.258777   -0.480999  -10.442997  -16.849438  -21.478103  -22.106767  -25.624320  -27.597902  -26.448789    1.589213   40.182772   60.998552   48.258777   -0.480999  -10.442997  -16.849438  -21.478103  -22.106767  -25.624320  -27.597902  -26.448789    1.589213   40.182772   60.998552   48.258777   -0.480999  -10.442997  -16.849438  -21.478103  -22.106767  -25.624320  -27.597902  -26.448789    1.589213   40.182772   60.998552   48.258777   -0.480999  -10.442997  -16.849438  -21.478103  -22.106767  -25.624320  ] ;
v = [  1.842550    1.731440   -1.268560   -1.824116   -1.601894  -34.824117  -11.046338    2.953662    2.398106    1.064773   -0.268560    0.286995   -2.701421    0.187469   -3.812531  -12.368087    8.854135   -7.368088    5.409691   -9.590309   -0.145865   -1.479198   -2.812531   -4.256976   -1.245392   -2.356502   -7.356502   17.087942    5.310164    2.087941   -3.134280   -4.134280    1.310164   -2.023169   -0.356502    0.199053   -1.789363   -2.900473   -5.900473  -10.456029   -1.233807    4.543971    3.321749   -2.678251   -0.233807    1.432860   -0.900473   -1.344918    1.666666    0.555556   11.555556   32.000000   20.222222   17.000000    5.777778    7.777778   -0.777778   -0.111111    1.555556    1.111111   -0.877304    0.011585   -9.988415   13.456029  -13.321749   -8.543971   -0.766193    2.233807    0.678251   -0.655082   -0.988415    0.567140    1.578725    1.467614   10.467614  -13.087942    4.134280   -0.087942   -9.310164   -2.310164   -0.865720    3.800947    0.467614    3.023169    1.034754    0.923643    6.923643   -6.631913   -1.409691   16.368087   -4.854135    2.145866   -0.409691   -0.743024    0.923643   -1.520802    0.490783    0.379672   -0.620328  -18.175884  -20.953662   10.824116   14.601894    3.601895   -1.953662   -1.286995    2.379672    1.935227  ] ;
Ts = 1; 
unit = 'luna'; 
ntime = [ 1  2  3  4  5  6  7  8  9  10  11  12  13  14  15  16  17  18  19  20  21  22  23  24  25  26  27  28  29  30  31  32  33  34  35  36  37  38  39  40  41  42  43  44  45  46  47  48  49  50  51  52  53  54  55  56  57  58  59  60  61  62  63  64  65  66  67  68  69  70  71  72  73  74  75  76  77  78  79  80  81  82  83  84  85  86  87  88  89  90  91  92  93  94  95  96  97  98  99  100  101  102  103  104  105  106  107  108 ];
label = 'Numarul bolnavilor operati de amigdalita la Spitalul 23 August intre 1982 si 1990.(Zgomot colorat.)'; 
yunit = 'Numar lunar '; 
