%
%	Fisierul de date ST14.M
%
% EURO-NROL currency, starting with January 10, 2002. 
%
%   !!! Non uniform sampling !!!
%
% Day index: ntime. Currency value: y. 
% ~~~~~~~~~~~~~~~~~~~~~~~~~~~~~~~~~~~~ 

	y = [28.218 28.574 28.717 28.354 28.388 28.248 27.781 27.796 ... 
	     28.601 28.607 28.606 28.547 28.011 28.632 27.457 27.401 ...
	     27.315 27.720 27.611 27.759 27.658 27.925 27.882 27.871 ...
	     28.166 28.121 28.114 27.978 28.059 28.065 28.026 28.028 ...
	     27.858 28.157 28.016 28.193 28.504 28.491 28.471 28.217 ...
	     28.217 28.122 28.258 28.157 28.144 28.298 28.408 28.146 ... 
	     28.701 28.562 28.572 28.572 28.513 28.622 28.768 28.891 ... 
	     28.877 28.801 28.284 28.749 28.981 28.958 28.929 28.899 ... 
	     28.889 28.835 28.713 28.706 28.838 28.832 28.846 28.880 ... 
	     28.805 28.794 28.982 28.984 29.030 29.089 29.397 29.399 ...
	     29.467 29.467 29.476 29.593 29.613 29.724 30.071 30.125 ... 
	     29.969 30.354 30.177 30.313 30.670 30.930 30.558 30.331 ... 
	     30.237 30.539 30.623 30.816 30.816 30.999 30.713 31.684 ...
	     31.590 31.711 31.918 32.630 32.320 33.040 32.876 33.369 ... 
	     33.220 32.599 32.431 32.306 32.319 32.319 32.678 32.882 ... 
	     32.882 33.439 33.191 33.190 33.190 33.109 32.459 32.711 ... 
	     32.722 32.722 32.232 32.365 32.209 32.097 32.522 32.132 ... 
	     32.117 32.196 32.196 32.344 32.722 32.826 32.855 32.322 ... 
	     32.508 32.374 32.820 32.756 32.651 32.458 32.460 32.460 ... 
	     32.558 32.909 33.210 33.633 34.000 34.000 33.947 33.859 ...
	     33.876 33.660 33.346 33.631 34.324 34.370 35.018 35.032 ...
	     35.496 35.627 35.875 35.860 35.589 35.993 35.626 35.143] ; 
	y = [y ...
	     35.316 35.055 35.718 35.911 35.776 35.892 36.168 36.374 ...
	     36.302 36.605 36.667 37.492 36.824 36.863 38.221 38.154 ...
	     37.671 36.700 37.005 36.680 37.484 37.997 38.280 38.701 ... 
	     38.804 38.818 39.754 40.829 40.824 40.334 40.506 40.616 ...
	     40.635 40.766 40.806 40.852 40.853 40.750 40.696 40.745 ...
	     40.727 40.570 40.760 40.915 40.856 40.970 41.055 41.124 ...
	     41.088 40.871 40.870 38.693 37.988 37.679 38.584 35.515 ...
	     36.738 37.840 36.768 36.376 36.503 36.510 35.907 36.043 ...
             36.485 36.113 36.156 36.301 36.171 36.156 36.172 36.160 ...
             36.145 36.163 36.138 35.272 35.237 34.592 34.455 35.160 ...
             34.851 36.203 35.983 36.255 36.390 36.632 36.617 36.821 ...
             36.477 36.242 35.513 35.397 35.085 34.954 36.083 36.067 ...
             35.811 35.672 35.334 35.212] ; 

	Ts = NaN ; % Non uniform sampling.
	unit = 'day' ;
	ntime = [10     11     12     14     15     16     17     18     ... 
	     	 19     21     22     23     24     25     27     28     ... 
	     	 29     30     31     32     35     36     37     38     ... 
	     	 42     43     44     45     46     47     48     49     ... 
	     	 50     51     52     53     54     55     56     57     ... 
	     	 58     59     60     61     63     64     65     66     ... 
	     	 67     68     69     70     71     72     73     74     ...
	     	 75     77     78     79     80     81     82     84     ... 
	     	 85     86     87     88     92     93     94     95     ...
	     	 98     99    100    101    105    106    107    108     ...
	    	109    110    112    113    114    116    117    119     ...
	    	120    128    129    130    131    132    133    134     ... 
	    	135    136    137    139    141    142    144    165     ...
	    	168    169    170    175    176    177    178    179     ... 
	    	182    184    185    186    187    189    190    196     ...
	    	197    198    199    200    203    204    205    206     ... 
	    	207    210    211    212    213    214    218    219     ... 
	    	220    221    222    227    244    246    248    270     ... 
	    	273    282    284    287    289    291    294    295     ... 
	    	302    304    308    310    315    316    317    322     ...
	    	325    329    334    339    346    368    372    374     ... 
	    	379    387    393    396    399    402    406    408] ;   
	ntime = [ntime ...
	    	411    414    427    437    445    449    456    459      ...
	    	463    469    483    504    512    517    526    538      ...
	    	545    562    597    602    613    624    633    646      ... 
	    	652    655    677    695    828    858    893    900      ...
		901    919    921    923    924    934    935    942      ...
		943    948    949    955    956    959    962    973      ...
		976   1064   1067   1137   1139   1144   1148   1172      ...
	       1174   1175   1183   1184   1191   1194   1201   1202      ...
               1224   1232   1233   1253   1260   1275   1278   1293      ...
               1294   1300   1303   1307   1308   1312   1313   1349      ...
               1351   1383   1388   1411   1418   1446   1453   1469      ...
               1478   1488   1501   1504   1509   1514   1637   1639      ...
               1666   1667   1703   1740] ;
   y = y/10 ;
	label = 'EURO-NROL currency, starting with January 10, 2002.' ; 
    yunit = 'Currency: 1 NROL / 1 EURO' ;

%
% Autor:        Dan Stefanoiu
% Data:         30.10.1992 
% Reactualizat: 08.04.2005
%
