theta_0 = [ 4.998039422292911  0.024108620595944  0.000205590617327 ];
ysta = [ -0.169806  -0.038728  -0.410571  -0.787336  -1.201022  -0.191631  -0.527161  -0.907612  -0.988985  -1.429280  -1.174497  -1.210635  -0.298695  -0.204677  -0.627580  -1.119405  -1.314151  -0.115820  -0.273409  -0.685921  -0.406354  -0.601709  -0.097986  0.385816  2.422696  2.514655  2.707692  1.951807  1.718000  2.627272  2.230622  1.681051  1.470557  1.156142  1.106806  1.034548  1.977368  1.800266  1.256243  0.585298  -0.036568  1.278644  1.164934  0.875302  0.542749  0.314274  0.540878  0.432560  1.223320  1.449158  0.841075  -0.161930  -0.613856  0.653296  0.106526  -0.112165  -0.466779  -0.717313  -0.626770  -1.127148  -0.144448  -0.336669  -0.630812  -1.458877  -1.720864  -0.885772  -0.807602  -1.348353  -1.516026  -1.886621  -1.751137  -1.688575  -1.015935  -0.996217  -1.348420  -1.985545  -2.326591  -1.377559  -1.541449  -1.541260  -1.912993  -1.962648  -2.000225  -1.872723  -0.798142  -0.880484  -1.100747  -1.091932  -0.652038  0.288934  0.375984  -0.054887  -0.633680  -0.647395  -0.675031  -0.959589  0.318931  0.169529  -0.199794  -0.922038  -0.804205  -0.101293  -0.477302  -0.684234  -0.786087  -0.479862  -0.064558  0.241824  1.587284  1.751823  1.633440  1.270135  1.272909  2.138761  2.258691  1.902700  1.857787  2.074952  2.579196  2.701518  3.560918  3.396397  2.863954  1.990589  1.691303  2.467095  1.574965  1.249914  0.639941  0.164046  -0.118770  -0.284508  0.449832  0.073251  -0.305252  -0.865677  -1.265023  -0.865291  -0.761480  -1.121592  -1.480625  -1.570579  -1.718456  -1.637254  -0.511973  -0.613614  -0.796177  -1.100662  -1.742068  -0.027396  -1.093646 ];
Ts = 1; 
unit = 'luna'; 
ntime = [ 1  2  3  4  5  6  7  8  9  10  11  12  13  14  15  16  17  18  19  20  21  22  23  24  25  26  27  28  29  30  31  32  33  34  35  36  37  38  39  40  41  42  43  44  45  46  47  48  49  50  51  52  53  54  55  56  57  58  59  60  61  62  63  64  65  66  67  68  69  70  71  72  73  74  75  76  77  78  79  80  81  82  83  84  85  86  87  88  89  90  91  92  93  94  95  96  97  98  99  100  101  102  103  104  105  106  107  108  109  110  111  112  113  114  115  116  117  118  119  120  121  122  123  124  125  126  127  128  129  130  131  132  133  134  135  136  137  138  139  140  141  142  143  144  145  146  147  148  149  150  151 ];
label = 'Somajul in SUA intre 1973 si 1985.(Serie stationarizata.)'; 
yunit = 'Rata lunara [%]'; 
