P = 60 ;
ys = [  2.284142    1.985012    1.539206    1.396726    0.857568    0.721737    0.989228    0.860044    0.884185    0.411650    0.192439   -0.023447    0.263989    0.104752   -0.151162   -0.503752   -0.703017   -0.898958   -0.841575   -0.980867   -1.266835   -1.499478   -1.578798   -1.654793   -1.377464   -1.446811   -1.662833   -1.575531   -1.784905   -1.590954   -1.093679   -0.893080   -0.689156   -0.781909   -0.671337   -0.457441    0.059780    0.030325    0.004194    0.031387    0.011905    0.145748    0.582914    0.773404    0.917220    0.764359    0.614822    0.618610    1.075722    0.886158    0.599919    0.667004    0.337413    0.411147    0.788204    0.918587    1.052293    0.789324    0.379679    0.523358    2.284142    1.985012    1.539206    1.396726    0.857568    0.721737    0.989228    0.860044    0.884185    0.411650    0.192439   -0.023447    0.263989    0.104752   -0.151162   -0.503752   -0.703017   -0.898958   -0.841575   -0.980867   -1.266835   -1.499478   -1.578798   -1.654793   -1.377464   -1.446811   -1.662833   -1.575531   -1.784905   -1.590954   -1.093679   -0.893080   -0.689156   -0.781909   -0.671337   -0.457441    0.059780    0.030325    0.004194    0.031387    0.011905    0.145748    0.582914    0.773404    0.917220    0.764359    0.614822    0.618610    1.075722    0.886158    0.599919    0.667004    0.337413    0.411147    0.788204    0.918587    1.052293    0.789324    0.379679    0.523358    2.284142    1.985012    1.539206    1.396726    0.857568    0.721737    0.989228    0.860044    0.884185    0.411650    0.192439   -0.023447    0.263989    0.104752   -0.151162   -0.503752   -0.703017   -0.898958   -0.841575  ] ;
v = [  0.823751    0.674022    0.674293    0.574565    0.574836    0.775108    0.875379    0.875651    0.225922    0.076193   -0.023536   -0.223264   -0.322993   -0.372722   -0.522451   -0.672180   -0.771908   -0.671637   -0.421365   -0.471094   -0.670823   -0.720552   -0.820280   -0.920009   -0.869738   -0.869466   -0.919195   -0.968924   -1.018653   -0.668381   -0.418110   -0.267839   -0.517567   -0.467296   -0.317025   -0.266753   -0.216482   -0.116211   -0.115940   -0.165669   -0.065397    0.184874    0.335145    0.435416    0.385687    0.435959    0.286230    0.186501    0.336773    0.337044    0.237315    0.187587    0.237858    0.488129    0.638400    0.838672    0.838943    0.839214    0.589486    0.489757   -0.823751   -0.674023   -0.674293   -0.574566   -0.574836   -0.775108   -0.875379   -0.875651   -0.225922   -0.076193    0.023536    0.223264    0.322994    0.372722    0.522451    0.672180    0.771908    0.671637    0.421366    0.471095    0.670823    0.720551    0.820280    0.920009    0.869738    0.869467    0.919195    0.968924    1.018653    0.668381    0.418110    0.267839    0.517567    0.467296    0.317025    0.266754    0.216482    0.116211    0.115940    0.165669    0.065397   -0.184874   -0.335145   -0.435416   -0.385688   -0.435959   -0.286230   -0.186502   -0.336773   -0.337044   -0.237315   -0.187587   -0.237858   -0.488129   -0.638400   -0.838672   -0.838943   -0.839214   -0.589486   -0.489757   -2.003808   -1.754622   -1.455435   -1.356250   -1.057063   -1.057878   -1.258690   -1.059505   -0.810319   -0.861133   -0.661946   -0.262761   -0.363573   -0.214388    0.034798    0.283985    0.383171    0.582357    0.831543  ] ;
Ts = 1; 
unit = 'luna'; 
ntime = [ 1  2  3  4  5  6  7  8  9  10  11  12  13  14  15  16  17  18  19  20  21  22  23  24  25  26  27  28  29  30  31  32  33  34  35  36  37  38  39  40  41  42  43  44  45  46  47  48  49  50  51  52  53  54  55  56  57  58  59  60  61  62  63  64  65  66  67  68  69  70  71  72  73  74  75  76  77  78  79  80  81  82  83  84  85  86  87  88  89  90  91  92  93  94  95  96  97  98  99  100  101  102  103  104  105  106  107  108  109  110  111  112  113  114  115  116  117  118  119  120  121  122  123  124  125  126  127  128  129  130  131  132  133  134  135  136  137  138  139 ];
label = 'Somajul in Marea Britanie intre 1978 si 1989.(Zgomot colorat.)'; 
yunit = 'Rata somajului [%]'; 
