P = 12 ;
ys = [ -7.678882   -9.903529   -3.865319    0.028606    4.803958    5.117883    8.870378    7.938588    4.333941    1.117866   -5.896781   -8.400000   -7.678882   -9.903529   -3.865319    0.028606    4.803958    5.117883    8.870378    7.938588    4.333941    1.117866   -5.896781   -8.400000   -7.678882   -9.903529   -3.865319    0.028606    4.803958    5.117883    8.870378    7.938588    4.333941    1.117866   -5.896781   -8.400000   -7.678882   -9.903529   -3.865319    0.028606    4.803958    5.117883    8.870378    7.938588    4.333941    1.117866   -5.896781   -8.400000   -7.678882   -9.903529   -3.865319    0.028606    4.803958    5.117883    8.870378    7.938588    4.333941    1.117866   -5.896781   -8.400000   -7.678882   -9.903529   -3.865319    0.028606    4.803958    5.117883    8.870378    7.938588    4.333941    1.117866   -5.896781   -8.400000   -7.678882   -9.903529   -3.865319    0.028606    4.803958    5.117883    8.870378    7.938588    4.333941    1.117866   -5.896781   -8.400000   -7.678882   -9.903529   -3.865319    0.028606    4.803958    5.117883    8.870378    7.938588    4.333941    1.117866   -5.896781  ] ;
v = [  0.037296    1.497296    0.974439   -0.354133   -2.124132   -1.132704   -0.389846   -2.012703   -1.412703   -1.171276    1.298724    2.117296    1.421531    0.361531    1.968674    0.010102   -1.189897   -0.418470   -1.715612   -0.878469    0.471531   -0.407041    2.202959    1.861531    3.025766    4.305766    3.082908    3.094336    3.414337    3.415765    2.298623    2.175766    2.055766    2.937194    3.037194   -0.674235    2.500000    0.690000    0.947143    1.348571    2.338572    2.070000    1.992858    2.080000    0.480000    0.471428   -0.518572   -1.250000    1.014235   -0.965765   -2.638622    0.112806    0.062806   -0.285766   -0.462908    0.044235    0.164235    0.565663   -2.584337   -0.735765   -4.821531   -4.001531   -2.454388   -0.842960   -0.202959   -2.081531    0.031327   -0.011530   -0.091530   -1.280103   -3.010103   -1.631531   -3.177296   -1.887296   -1.880153   -3.368725   -2.298724   -1.567296   -1.754439   -1.397296   -1.667296   -1.115868   -0.425868    0.312704    1.396939   -2.233061    1.214081   -1.124491    1.655510    2.666938    2.459796    2.916939    3.386939    4.608367    2.918367  ] ;
Ts = 1; 
unit = 'luna'; 
ntime = [ 1  2  3  4  5  6  7  8  9  10  11  12  13  14  15  16  17  18  19  20  21  22  23  24  25  26  27  28  29  30  31  32  33  34  35  36  37  38  39  40  41  42  43  44  45  46  47  48  49  50  51  52  53  54  55  56  57  58  59  60  61  62  63  64  65  66  67  68  69  70  71  72  73  74  75  76  77  78  79  80  81  82  83  84  85  86  87  88  89  90  91  92  93  94  95 ];
label = 'Distanta parcursa la U.K. Airlines pe cursele interne intre 1982 si 1989.(Zgomot colorat.)'; 
yunit = 'Distanta lunara [mii km]'; 
