theta_0 = [ 46.341075244735137  0.222947930798643 ];
ysta = [ -7.641586  -8.406233  -2.890880  -0.325527  2.679826  3.985179  8.480532  5.925885  2.921238  -0.053410  -4.598057  -6.282704  -6.257351  -9.541998  -1.896645  0.038708  3.614061  4.699413  7.154766  7.060119  4.805472  0.710825  -3.693822  -6.538469  -4.653116  -5.597763  -0.782411  3.122942  8.218295  8.533648  11.169001  10.114354  6.389707  4.055060  -2.859587  -9.074235  -5.178882  -9.213529  -2.918176  1.377177  7.142530  7.187883  10.863236  10.018588  4.813941  1.589294  -6.415353  -9.650000  -6.664647  -10.869294  -6.503941  0.141412  4.866764  4.832117  8.407470  7.982823  4.498176  1.683529  -8.481118  -9.135765  -12.500413  -13.905060  -6.319707  -0.814354  4.600999  3.036352  8.901705  7.927058  4.242411  -0.162237  -8.906884  -10.031531  -10.856178  -11.790825  -5.745472  -3.340119  2.505234  3.550587  7.115939  6.541292  2.666645  0.001998  -6.322649  -8.087296  -6.281943  -12.136590  -2.651238  -1.095885  6.459468  7.784821  11.330174  10.855527  7.720880  5.726233  -2.978414 ];
Ts = 1; 
unit = 'luna'; 
ntime = [ 1  2  3  4  5  6  7  8  9  10  11  12  13  14  15  16  17  18  19  20  21  22  23  24  25  26  27  28  29  30  31  32  33  34  35  36  37  38  39  40  41  42  43  44  45  46  47  48  49  50  51  52  53  54  55  56  57  58  59  60  61  62  63  64  65  66  67  68  69  70  71  72  73  74  75  76  77  78  79  80  81  82  83  84  85  86  87  88  89  90  91  92  93  94  95 ];
label = 'Distanta parcursa la U.K. Airlines pe cursele interne intre 1982 si 1989.(Serie stationarizata.)'; 
yunit = 'Distanta lunara [mii km]'; 
