theta_0 = [ 10.555450250906496  -0.259249347491717  0.009095116953594 ];
ysta = [ 3.959928  2.004410  2.250882  1.399344  0.049797  1.302240  1.756674  3.213098  2.571513  0.531918  -0.705686  -0.041300  2.925077  0.493444  -0.236199  -0.563850  -2.089512  0.286817  -0.934864  0.545446  -0.872253  -2.087963  -2.401681  -2.713410  -0.823147  -2.130895  -2.836651  -3.340418  -3.642194  -2.241979  -2.839774  -2.135579  -1.829393  -1.921216  -1.611049  -2.698892  -0.584744  -0.868606  -2.550477  -2.930358  -3.608248  -3.184148  -1.458057  -0.329976  0.700095  1.232157  0.666210  0.302253  3.040286  1.180310  0.022324  -1.233671  -0.887675  0.560310  0.710287  3.962253  4.916210  -0.027842  0.630096  1.190025  1.851944  2.615853  1.981753  -0.750356  0.519525  2.791396  2.365258  4.841110  4.618953  1.798786  1.080610  1.564424  3.050229  0.738024  0.227810  0.519586  -1.686648  -1.390891  1.506857  2.106595  0.808323  0.612042  -0.682249  -0.874549  1.735141  -0.153178  -0.239507  -1.123845  -1.906193  -1.786550  -0.864917  0.458706  1.384320  -1.788075  -1.658480  -0.826895  -0.093319  -0.857753  0.179804  -1.580649  -2.839111  -2.295583 ];
Ts = 1; 
unit = 'luna'; 
ntime = [ 1  2  3  4  5  6  7  8  9  10  11  12  13  14  15  16  17  18  19  20  21  22  23  24  25  26  27  28  29  30  31  32  33  34  35  36  37  38  39  40  41  42  43  44  45  46  47  48  49  50  51  52  53  54  55  56  57  58  59  60  61  62  63  64  65  66  67  68  69  70  71  72  73  74  75  76  77  78  79  80  81  82  83  84  85  86  87  88  89  90  91  92  93  94  95  96  97  98  99  100  101  102 ];
label = 'Somajul in Canada intre 1979 si 1989.(Serie stationarizata.)'; 
yunit = 'Rata somajului [%]'; 
