theta_0 = [ 26.096969946084510  0.139527513365004 ];
ysta = [ -1.820342  1.587483  1.401308  3.394132  1.740957  1.311781  -0.594394  0.322430  1.239255  2.613079  2.733904  0.508729  -1.618447  2.873378  1.784202  3.967027  1.344851  1.426676  -2.456500  -1.763675  0.217150  0.773974  1.263799  -0.970377  -2.746552  1.756272  0.056097  2.633921  0.370746  -0.179430  -2.854605  -1.077780  -0.851956  -0.688131  5.054693  -1.280482  -2.390658  2.044167  0.821991  1.514816  1.496641  -0.309535  -2.566710  0.191114  -0.768061  0.239763  1.733588  -0.856588  -1.871763  2.178062  0.486886  3.661711  1.267535  -0.636640  -2.346816  -0.231991  -0.932167  0.545658  0.852483  -1.688693  -4.191868  2.269956  -0.433219  3.140605  0.993430  0.168254  -2.282921  -0.149097  -0.976272  -0.006447  1.067377  -3.303798  -6.312974  1.295851  -1.848325  2.441500  0.423324  -0.584851  -3.710026  -1.822202  -2.215377  -0.971553  -0.102728  -4.197904  -7.924079  0.421745  -1.716430  1.286395  -0.876781  -2.019956  -4.394132  -2.565307  -2.466483  -1.935658  -0.850834  -4.795009  -7.291184  0.434640  -3.014535  1.192289  -0.929886  -1.908062  -5.010237  -1.864413  -1.774588  -0.873764  0.635061  -3.388114  -6.610290  0.473535  -1.501641  2.167184  0.216008  -2.180167  -0.150343  0.536482  2.954307  4.496131  -0.318044  -4.034220  6.564605  2.539429  7.915254  4.823078  3.644903  1.418728  3.122552  3.162377  6.386201  7.767026  2.905850  2.731675 ];
Ts = 1; 
unit = 'luna'; 
ntime = [ 1  2  3  4  5  6  7  8  9  10  11  12  13  14  15  16  17  18  19  20  21  22  23  24  25  26  27  28  29  30  31  32  33  34  35  36  37  38  39  40  41  42  43  44  45  46  47  48  49  50  51  52  53  54  55  56  57  58  59  60  61  62  63  64  65  66  67  68  69  70  71  72  73  74  75  76  77  78  79  80  81  82  83  84  85  86  87  88  89  90  91  92  93  94  95  96  97  98  99  100  101  102  103  104  105  106  107  108  109  110  111  112  113  114  115  116  117  118  119  120  121  122  123  124  125  126  127  128  129  130  131  132 ];
label = 'Veniturile realizate din impozitele pe telefoane, in SUA, in anii ''80. (Serie stationarizata.)'; 
yunit = 'Venituri lunare [mil. USD]'; 
