P = 36 ;
ys = [ -0.542692   -0.493814   -0.278558   -0.330256   -0.215575    0.132150    0.246255    0.293404    0.140267    0.153507    0.033126    0.412458   -0.341832   -0.296410   -0.017942    0.060237    0.004795    0.349066    0.493048    0.436743    0.146815    0.089934    0.032765    0.541974   -0.682438   -0.340471   -0.132126   -0.390735   -0.149632    0.157850    0.231710    0.271949    0.011900   -0.081770   -0.142395    0.196692   -0.542692   -0.493814   -0.278558   -0.330256   -0.215575    0.132150    0.246255    0.293404    0.140267    0.153507    0.033126    0.412458   -0.341832   -0.296410   -0.017942    0.060237    0.004795    0.349066    0.493048    0.436743    0.146815    0.089934    0.032765    0.541974   -0.682438   -0.340471   -0.132126   -0.390735   -0.149632    0.157850    0.231710    0.271949    0.011900   -0.081770   -0.142395    0.196692   -0.542692   -0.493814   -0.278558   -0.330256   -0.215575    0.132150    0.246255    0.293404    0.140267    0.153507    0.033126    0.412458   -0.341832   -0.296410   -0.017942    0.060237    0.004795    0.349066    0.493048    0.436743    0.146815    0.089934    0.032765    0.541974   -0.682438   -0.340471   -0.132126   -0.390735   -0.149632    0.157850    0.231710    0.271949    0.011900   -0.081770   -0.142395    0.196692  ] ;
v = [ -0.326973    0.150060   -0.039574    0.037459    0.047825    0.124858    0.135224    0.012258   -0.010710   -0.000343   -0.056644   -0.112945   -0.435912   -0.258878   -0.015179   -0.071479   -0.094446    0.082586    0.059620    0.036652    0.047019    0.124052    0.101084    0.611451    0.255150    0.132183    0.242550   -0.080417    0.096615    0.206981    0.250681    0.227714    0.304747    0.315113    0.292146    0.269179    0.224395    0.191062    0.091062   -0.042272   -0.142272   -0.175605   -0.275605   -0.108938   -0.142272   -0.142272   -0.008938    0.024395    0.191061    0.057728   -0.008939   -0.075605   -0.008938   -0.142272   -0.075605   -0.008939   -0.208938   -0.042271   -0.075605   -0.475605   -0.542272    0.024395   -0.175605   -0.008938   -0.142272   -0.242272   -0.108938   -0.142272   -0.275605   -0.275605   -0.208938   -0.242271    0.102579   -0.341121   -0.051487    0.004813    0.094446    0.050747    0.140380    0.096681    0.152981    0.142615    0.065583    0.088549    0.244850    0.201150    0.024117    0.147084    0.103385    0.059685    0.015986   -0.027714    0.161920   -0.081780   -0.025480   -0.135845    0.287122   -0.156578   -0.066944    0.089356    0.045657    0.035290   -0.141743   -0.085442   -0.029142   -0.039508   -0.083208   -0.026907  ] ;
Ts = 1; 
unit = 'luna'; 
ntime = [ 1  2  3  4  5  6  7  8  9  10  11  12  13  14  15  16  17  18  19  20  21  22  23  24  25  26  27  28  29  30  31  32  33  34  35  36  37  38  39  40  41  42  43  44  45  46  47  48  49  50  51  52  53  54  55  56  57  58  59  60  61  62  63  64  65  66  67  68  69  70  71  72  73  74  75  76  77  78  79  80  81  82  83  84  85  86  87  88  89  90  91  92  93  94  95  96  97  98  99  100  101  102  103  104  105  106  107  108 ];
label = 'Timpul mediu de lucru saptaminal in SUA intre 1979 si 1989.(Zgomot alb.)'; 
yunit = 'Media lunara [ore]'; 
