theta_0 = [ 26.963047865357890  0.170923374905002 ];
ysta = [ -25.755352  -24.717349  0.320653  38.358656  59.396658  13.434660  -11.527337  -7.489335  -14.451332  -20.413330  -22.375327  -25.337325  -30.299323  -26.261320  -2.223318  27.814685  69.852687  40.890689  4.928692  -20.033306  -16.995303  -22.957301  -24.919298  -29.881296  -28.843294  -28.805291  -5.767289  57.270714  66.308716  50.346718  -3.615279  -14.577277  -15.539274  -23.501272  -22.463269  -25.425267  -29.387265  -29.349262  -4.311260  29.726743  59.764745  52.802748  2.840750  -13.121248  -17.083245  -20.045243  -23.007240  -26.969238  -25.931236  -25.893233  13.144769  72.182772  81.220774  65.258777  5.296779  -2.665219  -17.627216  -21.589214  -20.551211  -24.513209  -28.475206  -26.437204  -8.399202  53.638801  47.676803  39.714806  -1.247192  -8.209190  -16.171187  -22.133185  -23.095182  -25.057180  -26.019177  -24.981175  12.056827  27.094830  65.132832  48.170835  -9.791163  -12.753161  -17.715158  -17.677156  -21.639153  -22.601151  -26.563148  -25.525146  8.512856  33.550859  59.588861  64.626864  -5.335134  -8.297131  -17.259129  -22.221127  -21.183124  -27.145122  -27.107119  -26.069117  0.968885  22.006888  40.044890  59.082893  14.120895  -6.841102  -18.803100  -22.765098  -19.727095  -23.689093 ];
Ts = 1; 
unit = 'luna'; 
ntime = [ 1  2  3  4  5  6  7  8  9  10  11  12  13  14  15  16  17  18  19  20  21  22  23  24  25  26  27  28  29  30  31  32  33  34  35  36  37  38  39  40  41  42  43  44  45  46  47  48  49  50  51  52  53  54  55  56  57  58  59  60  61  62  63  64  65  66  67  68  69  70  71  72  73  74  75  76  77  78  79  80  81  82  83  84  85  86  87  88  89  90  91  92  93  94  95  96  97  98  99  100  101  102  103  104  105  106  107  108 ];
label = 'Numarul bolnavilor operati de amigdalita la Spitalul 23 August intre 1982 si 1990.(Serie stationarizata.)'; 
yunit = 'Numar lunar '; 
