%
%	Fisierul de date ST15.M
%
% USD-EURO currency, starting with January 10, 2002. 
%
%   !!! Non uniform sampling !!!
%
% Day index: ntime. Currency value: y. 
% ~~~~~~~~~~~~~~~~~~~~~~~~~~~~~~~~~~~~ 

	y = [1.12180 1.12134 1.12123 1.11931 1.12200 1.13546 1.13591 1.13540 ... 
	     1.13122 1.13103 1.13100 1.12896 1.14051 1.14868 1.15870 1.16092 ... 
	     1.16300 1.15447 1.15887 1.15941 1.15999 1.14983 1.15433 1.15085 ... 
	     1.13986 1.14146 1.14179 1.14733 1.14539 1.14521 1.14675 1.14621 ... 
	     1.15294 1.14276 1.14790 1.14857 1.14194 1.14247 1.14324 1.14824 ... 
	     1.15576 1.15531 1.15253 1.15727 1.15772 1.15168 1.14725 1.13725 ... 
	     1.13820 1.14416 1.14377 1.14377 1.14634 1.14266 1.13735 1.13185 ... 
	     1.13327 1.13623 1.13247 1.13697 1.13146 1.13617 1.14038 1.14119 ... 
	     1.14177 1.14220 1.14761 1.14731 1.13946 1.13804 1.13870 1.13748 ... 
	     1.14042 1.14225 1.13517 1.13616 1.13503 1.13624 1.12633 1.12664 ... 
	     1.12330 1.12499 1.12465 1.12697 1.12450 1.11451 1.10970 1.10786 ... 
	     1.10841 1.09901 1.10417 1.09520 1.08875 1.07953 1.09266 1.10227 ... 
	     1.10724 1.09718 1.09394 1.08613 1.08639 1.08222 1.08725 1.05450 ... 
	     1.05923 1.05536 1.04830 1.02102 1.02973 1.01212 1.01587 1.00324 ... 
	     1.00655 1.02185 1.02463 1.02758 1.02722 1.01529 1.01086 0.99280 ... 
	     0.98686 0.99138 0.99458 0.98587 0.98897 1.01066 1.00976 1.00036 ...
	     0.99942 1.01414 1.01885 1.02062 1.02753 1.01321 1.03357 1.03257 ...
	     1.03225 1.02833 1.03072 1.01792 1.01937 1.00471 1.00208 1.02386 ...
	     1.01563 1.02110 1.01402 1.01273 1.01957 1.02811 1.02567 1.02555 ...
	     1.01597 1.01355 1.00524 1.00380 0.98584 0.98899 0.99386 0.99095 ...
	     0.99843 1.00921 1.00675 1.00008 0.98203 0.95928 0.96085 0.95014 ...
	     0.94593 0.93492 0.92537 0.92481 0.93130 0.92619 0.93020 0.93186] ; 
	y = [y ...
	     0.92670 0.93282 0.92601 0.91584 0.94858 0.93331 0.91791 0.93256 ...
	     0.93523 0.93057 0.91016 0.85332 0.84324 0.85150 0.85356 0.86412 ...
	     0.87112 0.89026 0.90955 0.92133 0.90025 0.89000 0.87169 0.85461 ...
	     0.85276 0.86364 0.87508 0.83966 0.82681 0.82697 0.84484 0.83455 ...
	     0.83280 0.81862 0.81172 0.81830 0.82910 0.83215 0.82662 0.82192 ...
	     0.82275 0.82287 0.81364 0.80741 0.80466 0.80959 0.80884 0.83173 ...
	     0.83002 0.78628 0.78437 0.76252 0.76356 0.76326 0.76937 0.77108 ...
	     0.77035 0.76808 0.75691 0.75470 0.76018 0.76193 0.74557 0.74952 ...
             0.77574 0.77266 0.77880 0.77086 0.78300 0.79613 0.79767 0.82998 ...
             0.82426 0.82778 0.82846 0.83378 0.82760 0.81218 0.81231 0.80219 ...
             0.80655 0.83662 0.83656 0.85414 0.85600 0.83315 0.84199 0.82955 ...
             0.82548 0.81999 0.83488 0.83538 0.84193 0.83916 0.79702 0.79502 ...
             0.78993 0.79191 0.77984 0.78854] ; 

	Ts = NaN ; % Non uniform sampling.
	unit = 'day' ;
	ntime = [10     11     12     14     15     16     17     18     ... 
	     	 19     21     22     23     24     25     27     28     ... 
	     	 29     30     31     32     35     36     37     38     ... 
	     	 42     43     44     45     46     47     48     49     ... 
	     	 50     51     52     53     54     55     56     57     ... 
	     	 58     59     60     61     63     64     65     66     ... 
	     	 67     68     69     70     71     72     73     74     ...
	     	 75     77     78     79     80     81     82     84     ... 
	     	 85     86     87     88     92     93     94     95     ...
	     	 98     99    100    101    105    106    107    108     ...
	    	109    110    112    113    114    116    117    119     ...
	    	120    128    129    130    131    132    133    134     ... 
	    	135    136    137    139    141    142    144    165     ...
	    	168    169    170    175    176    177    178    179     ... 
	    	182    184    185    186    187    189    190    196     ...
	    	197    198    199    200    203    204    205    206     ... 
	    	207    210    211    212    213    214    218    219     ... 
	    	220    221    222    227    244    246    248    270     ... 
	    	273    282    284    287    289    291    294    295     ... 
	    	302    304    308    310    315    316    317    322     ...
	    	325    329    334    339    346    368    372    374     ... 
	    	379    387    393    396    399    402    406    408] ;   
	ntime = [ntime ...
	    	411    414    427    437    445    449    456    459      ...
	    	463    469    483    504    512    517    526    538      ...
	    	545    562    597    602    613    624    633    646      ... 
	    	652    655    677    695    828    858    893    900      ...
		901    919    921    923    924    934    935    942      ...
		943    948    949    955    956    959    962    973      ...
		976   1064   1067   1137   1139   1144   1148   1172      ...
	       1174   1175   1183   1184   1191   1194   1201   1202      ...
               1224   1232   1233   1253   1260   1275   1278   1293      ...
               1294   1300   1303   1307   1308   1312   1313   1349      ...
               1351   1383   1388   1411   1418   1446   1453   1469      ...
               1478   1488   1501   1504   1509   1514   1637   1639      ...
               1666   1667   1703   1740] ;
%   y = y/10 ;
    label = 'USD-EURO currency, starting with January 10, 2002.' ; 
    yunit = 'Currency: 1 USD / 1 EURO' ;

%
% Autor:        Dan Stefanoiu
% Data:         30.10.1992 
% Reactualizat: 08.04.2005
%
