theta_0 = [ 1.175457964697835  -0.000702619629462  0.000000247096936  0.000000000169279 ];
ysta = [ -0.051211  -0.050893  -0.050226  -0.050595  -0.047131  -0.032898  -0.031676  -0.031416  -0.034826  -0.033479  -0.032742  -0.034017  -0.021702  -0.012769  -0.001224  0.001756  0.004596  -0.003176  0.001982  0.003278  0.006121  -0.003287  0.001965  -0.000765  -0.008764  -0.006419  -0.005345  0.000938  -0.000260  0.000301  0.002581  0.002780  0.010248  0.000805  0.006681  0.008086  0.002190  0.003453  0.004955  0.010686  0.018936  0.019215  0.017163  0.022629  0.024530  0.019214  0.015507  0.006229  0.007900  0.014579  0.014908  0.015626  0.018913  0.015949  0.011354  0.006567  0.008700  0.013083  0.010033  0.015242  0.010439  0.015856  0.020772  0.022991  0.024274  0.025406  0.031517  0.031916  0.026856  0.026131  0.027485  0.026958  0.031971  0.034490  0.028098  0.029775  0.031384  0.033276  0.024047  0.025037  0.022376  0.024745  0.025758  0.028754  0.026958  0.018314  0.014175  0.013675  0.014894  0.010807  0.016627  0.008316  0.002524  -0.006039  0.007747  0.018012  0.023636  0.014229  0.011641  0.005132  0.006690  0.003167  0.009489  -0.009926  -0.003325  -0.006573  -0.013012  -0.037202  -0.027877  -0.044873  -0.040509  -0.052527  -0.047385  -0.030868  -0.027482  -0.023926  -0.023681  -0.034403  -0.038231  -0.052697  -0.058041  -0.052926  -0.049132  -0.057249  -0.052376  -0.030096  -0.030408  -0.039220  -0.039574  -0.023099  -0.017806  -0.015454  -0.007963  -0.021703  0.000969  0.000545  0.000800  -0.002546  0.000417  -0.009532  0.001446  -0.012110  -0.013640  0.020012  0.013368  0.023549  0.017507  0.017767  0.025635  0.035201  0.034293  0.034681  0.028639  0.027223  0.020909  0.020462  0.004970  0.008611  0.013971  0.013499  0.022432  0.035138  0.035066  0.030764  0.015993  0.003291  0.006645  -0.003177  -0.005183  -0.012707  -0.019676  -0.018956  -0.011193  -0.015038  -0.009351  -0.006858  -0.010773  -0.003416  -0.004944  -0.011139  0.024725  0.011000  -0.001727  0.014057  0.018230  0.015800  0.000492  -0.048963  -0.056313  -0.046371  -0.041326  -0.026876  -0.017652  0.006746  0.036248  0.049420  0.031346  0.024024  0.008052  -0.005742  -0.006111  0.005501  0.022141  -0.009242  0.002032  0.006342  0.028502  0.019001  0.017362  0.005100  -0.001596  0.005186  0.016087  0.020118  0.014683  0.010641  0.011563  0.012138  0.002997  -0.002704  -0.005367  -0.000180  -0.000676  0.023112  0.021638  -0.016733  -0.018511  -0.038123  -0.037042  -0.037245  -0.031062  -0.029016  -0.029725  -0.031985  -0.043086  -0.045289  -0.039764  -0.037999  -0.054334  -0.050381  -0.024168  -0.027281  -0.021146  -0.029239  -0.017175  -0.004243  -0.002748  0.029307  0.023568  0.026972  0.027592  0.032828  0.026627  0.011119  0.011227  0.000182  0.004484  0.033543  0.033311  0.050058  0.051651  0.027676  0.036222  0.023093  0.018625  0.012686  0.026981  0.027342  0.033659  0.030654  -0.017492  -0.019590  -0.025990  -0.024058  -0.037822  -0.030772 ];
Ts = NaN; 
unit = 'day'; 
ntime = [ 10  11  12  14  15  16  17  18  19  21  22  23  24  25  27  28  29  30  31  32  35  36  37  38  42  43  44  45  46  47  48  49  50  51  52  53  54  55  56  57  58  59  60  61  63  64  65  66  67  68  69  70  71  72  73  74  75  77  78  79  80  81  82  84  85  86  87  88  92  93  94  95  98  99  100  101  105  106  107  108  109  110  112  113  114  116  117  119  120  128  129  130  131  132  133  134  135  136  137  139  141  142  144  165  168  169  170  175  176  177  178  179  182  184  185  186  187  189  190  196  197  198  199  200  203  204  205  206  207  210  211  212  213  214  218  219  220  221  222  227  244  246  248  270  273  282  284  287  289  291  294  295  302  304  308  310  315  316  317  322  325  329  334  339  346  368  372  374  379  387  393  396  399  402  406  408  411  414  427  437  445  449  456  459  463  469  483  504  512  517  526  538  545  562  597  602  613  624  633  646  652  655  677  695  828  858  893  900  901  919  921  923  924  934  935  942  943  948  949  955  956  959  962  973  976  1064  1067  1137  1139  1144  1148  1172  1174  1175  1183  1184  1191  1194  1201  1202  1224  1232  1233  1253  1260  1275  1278  1293  1294  1300  1303  1307  1308  1312  1313  1349  1351  1383  1388  1411  1418  1446  1453  1469  1478  1488  1501  1504  1509  1514  1637  1639  1666  1667  1703  1740 ];
label = 'USD-EURO currency, starting with January 10, 2002.(Serie stationarizata.)'; 
yunit = 'Currency: 1 USD / 1 EURO'; 
