P = 60 ;
ys = [ -0.014202   -0.066653    0.485979    0.393694    0.036490    0.199371    0.077333   -0.259620    0.198508    0.371719    0.090013    1.078390   -0.043150   -0.009607    0.634019    0.327727   -0.263483    0.335391   -0.310652   -0.446612   -0.122490   -0.048285   -0.208998    0.810374   -0.120173   -0.185637    0.473983   -0.226316   -0.296531   -0.056664   -0.571713   -0.306680   -0.461564   -0.086365   -0.426084    0.764281   -0.215273   -0.294742   -0.089130   -0.273434   -0.147656   -0.441794   -0.375850   -0.414824   -0.648713    0.502479   -0.166246    0.315113    0.211553    0.088077    0.279683    0.566372   -0.021856   -0.180000    0.076937   -0.771043   -0.303939    0.578247   -0.484483    1.072869   -0.014202   -0.066653    0.485979    0.393694    0.036490    0.199371    0.077333   -0.259620    0.198508    0.371719    0.090013    1.078390   -0.043150   -0.009607    0.634019    0.327727   -0.263483    0.335391   -0.310652   -0.446612   -0.122490   -0.048285   -0.208998    0.810374   -0.120173   -0.185637    0.473983   -0.226316   -0.296531   -0.056664   -0.571713   -0.306680   -0.461564   -0.086365   -0.426084    0.764281   -0.215273   -0.294742   -0.089130   -0.273434   -0.147656   -0.441794   -0.375850   -0.414824   -0.648713    0.502479   -0.166246    0.315113    0.211553    0.088077    0.279683    0.566372   -0.021856   -0.180000    0.076937   -0.771043   -0.303939    0.578247   -0.484483    1.072869   -0.014202   -0.066653    0.485979    0.393694    0.036490    0.199371    0.077333   -0.259620    0.198508    0.371719    0.090013    1.078390   -0.043150   -0.009607    0.634019    0.327727   -0.263483    0.335391   -0.310652   -0.446612   -0.122490   -0.048285  ] ;
v = [  0.239775    0.187291    0.119807   -0.092678    0.209838    0.132354   -0.060131    0.292385    0.169901    0.082417    0.209932   -0.062551    0.204964   -0.042520   -0.180005   -0.257489    0.230028   -0.152457   -0.219941    0.082574   -0.164910   -0.042394   -0.184879   -0.357363   -0.209847   -0.287331   -0.479816   -0.382300   -0.094784   -0.217268    0.095248   -0.342237   -0.259721   -0.077205   -0.069689   -0.812173   -0.164657   -0.317142   -0.104627   -0.092110   -0.229594    0.032921   -0.094563    0.022952    0.095468   -0.047016   -0.009500   -0.131985    0.070531    0.293047   -0.099437    0.193079   -0.099405    0.298110   -0.009374   -0.061858    0.020657   -0.071827   -0.219311   -0.386795   -0.239775   -0.187291   -0.119807    0.092677   -0.209838   -0.132354    0.060131   -0.292386   -0.169901   -0.082417   -0.209932    0.062552   -0.204964    0.042520    0.180005    0.257489   -0.230028    0.152457    0.219941   -0.082574    0.164910    0.042394    0.184879    0.357363    0.209847    0.287331    0.479816    0.382300    0.094784    0.217268   -0.095248    0.342236    0.259721    0.077205    0.069689    0.812173    0.164658    0.317142    0.104627    0.092110    0.229594   -0.032921    0.094563   -0.022952   -0.095469    0.047016    0.009500    0.131985   -0.070531   -0.293047    0.099437   -0.193078    0.099405   -0.298110    0.009374    0.061859   -0.020657    0.071827    0.219311    0.386796    0.908784    0.296237   -0.231311    0.326143   -0.571404   -0.008952   -0.151500   -0.599047   -0.201594    0.270859   -0.931688   -0.364235   -0.256784   -0.484330   -0.851878   -0.099425   -0.611971   -0.184519    0.407934   -0.469614   -0.247161    0.195292  ] ;
Ts = 1; 
unit = 'luna'; 
ntime = [ 1  2  3  4  5  6  7  8  9  10  11  12  13  14  15  16  17  18  19  20  21  22  23  24  25  26  27  28  29  30  31  32  33  34  35  36  37  38  39  40  41  42  43  44  45  46  47  48  49  50  51  52  53  54  55  56  57  58  59  60  61  62  63  64  65  66  67  68  69  70  71  72  73  74  75  76  77  78  79  80  81  82  83  84  85  86  87  88  89  90  91  92  93  94  95  96  97  98  99  100  101  102  103  104  105  106  107  108  109  110  111  112  113  114  115  116  117  118  119  120  121  122  123  124  125  126  127  128  129  130  131  132  133  134  135  136  137  138  139  140  141  142 ];
label = 'Circulatia monedei belgiene intre 1980 si 1990.(Zgomot colorat.)'; 
yunit = 'Rata lunara [mild. BFr]'; 
