P = 43 ;
ys = [  4.794693    8.670360    5.819361    5.108362    3.370696    4.543030    3.258698    2.947699    0.820033   -0.584300   -0.878632   -1.506298   -2.203964   -1.551630   -2.929296   -3.593628   -4.511294   -5.292293   -4.729959   -5.137625   -3.998624   -4.902957   -6.697289   -7.344955   -6.732621   -6.926953   -7.207953   -6.598952   -6.343284   -5.834283   -4.768616   -3.549615   -2.423948    1.045053    0.557387    3.766388    3.012056    6.304390    6.743391    7.302392    7.881392    8.490393    7.539394    4.794693    8.670360    5.819361    5.108362    3.370696    4.543030    3.258698    2.947699    0.820033   -0.584300   -0.878632   -1.506298   -2.203964   -1.551630   -2.929296   -3.593628   -4.511294   -5.292293   -4.729959   -5.137625   -3.998624   -4.902957   -6.697289   -7.344955   -6.732621   -6.926953   -7.207953   -6.598952   -6.343284   -5.834283   -4.768616   -3.549615   -2.423948    1.045053    0.557387    3.766388    3.012056    6.304390    6.743391    7.302392    7.881392    8.490393    7.539394    4.794693    8.670360    5.819361    5.108362    3.370696    4.543030    3.258698    2.947699    0.820033   -0.584300   -0.878632   -1.506298   -2.203964   -1.551630   -2.929296   -3.593628   -4.511294   -5.292293   -4.729959   -5.137625   -3.998624   -4.902957   -6.697289   -7.344955   -6.732621   -6.926953   -7.207953   -6.598952   -6.343284   -5.834283   -4.768616   -3.549615   -2.423948    1.045053    0.557387    3.766388    3.012056    6.304390    6.743391    7.302392    7.881392    8.490393    7.539394    4.794693    8.670360    5.819361    5.108362    3.370696    4.543030    3.258698    2.947699    0.820033   -0.584300   -0.878632   -1.506298   -2.203964   -1.551630   -2.929296   -3.593628   -4.511294   -5.292293   -4.729959   -5.137625   -3.998624   -4.902957   -6.697289   -7.344955   -6.732621   -6.926953   -7.207953   -6.598952   -6.343284   -5.834283   -4.768616   -3.549615   -2.423948    1.045053    0.557387    3.766388    3.012056    6.304390    6.743391  ] ;
v = [ -2.430369    1.822965   -0.067036    0.062964    0.089631    1.716298    0.889631    2.229631    0.926297    3.519631    1.582964   -0.740369   -0.183702    2.472965    0.719631    0.402964    0.239631   -0.130369    0.336298   -0.797036   -1.657036   -0.613702   -0.730369   -0.113702   -1.517035   -1.153703   -0.563702   -0.943702    0.419631   -1.260369   -0.777035    1.192964    1.526298    1.836298    4.172965    3.592965    5.326298    3.062964    3.832964    9.942964    4.242965    2.992965    3.492965    5.256666    4.980000    2.430000    1.780000   -0.293333    1.833333    0.896666    1.186666   -0.566667   -1.643333   -0.990000    0.526666   -2.066667   -2.560000   -0.403333   -2.190000    0.506667   -0.673334   -0.276667   -0.830000   -0.390000   -1.476666   -0.343333   -0.236667   -0.540000    0.803333    0.023334   -0.066666    0.506667    0.816666    1.810000    1.400000    0.333334    2.243334   -1.400000   -2.400000   -1.966667   -1.890000   -6.380000   -5.440000   -4.910000   -5.780000   -4.580000   -2.826298   -6.802964   -2.362964   -1.842965    0.203702   -3.549631   -1.786298   -3.416298   -0.359631   -1.876298   -0.592965    0.213702    2.250369    0.087036   -0.316297    1.787035   -0.746298    0.803702   -0.059631    1.627036    2.047035    2.090369    1.073702    0.350369    2.057036    0.350369    0.540369    1.010369   -0.926298    0.443702   -1.032964   -2.592964   -1.859631   -4.079631   -2.772964   -1.192964   -3.359631   -1.172964    2.547035   -4.502965    0.667036    2.787036    1.087036    4.290738   -2.355929    3.344071   -1.005929    4.980738    2.557405    5.710737    0.910737    4.127404    3.950738    3.114071    2.710738    3.057404    2.564071    1.310738    2.104071    4.300738    1.860738   -1.232596   -0.365929   -1.525929    0.837405    1.430738    0.477405    1.474071    1.637404    3.657405    0.557405    3.230738    2.070738    3.774071    2.404071    4.187405    3.307405    4.934072    5.354071    3.047404   -0.605929    2.124071  ] ;
Ts = 1; 
unit = 'luna'; 
ntime = [ 1  2  3  4  5  6  7  8  9  10  11  12  13  14  15  16  17  18  19  20  21  22  23  24  25  26  27  28  29  30  31  32  33  34  35  36  37  38  39  40  41  42  43  44  45  46  47  48  49  50  51  52  53  54  55  56  57  58  59  60  61  62  63  64  65  66  67  68  69  70  71  72  73  74  75  76  77  78  79  80  81  82  83  84  85  86  87  88  89  90  91  92  93  94  95  96  97  98  99  100  101  102  103  104  105  106  107  108  109  110  111  112  113  114  115  116  117  118  119  120  121  122  123  124  125  126  127  128  129  130  131  132  133  134  135  136  137  138  139  140  141  142  143  144  145  146  147  148  149  150  151  152  153  154  155  156  157  158  159  160  161  162  163  164  165  166  167  168 ];
label = 'Media numarului de pete solare observate intre 1976 si 1989.(Zgomot colorat.)'; 
yunit = 'Media lunara'; 
