theta_0 = [ 3.874442864734856  0.183570953262929  -0.000411743588043 ];
ysta = [ 3.107893  2.659034  2.213500  1.971291  1.432405  1.496844  1.864607  1.735695  1.110107  0.487843  0.168903  -0.246712  -0.059004  -0.267970  -0.673613  -1.175931  -1.474925  -1.570595  -1.262940  -1.451961  -1.937658  -2.220030  -2.399078  -2.574802  -2.247202  -2.316277  -2.582028  -2.544455  -2.803557  -2.259336  -1.511789  -1.160919  -1.206724  -1.249205  -0.988362  -0.724194  -0.156702  -0.085886  -0.111746  -0.134281  -0.053492  0.330621  0.918059  1.208821  1.302907  1.200318  0.901052  0.805111  1.412495  1.223202  0.837234  0.854591  0.575271  0.899276  1.426605  1.757259  1.891236  1.628538  0.969165  1.013115  1.460390  1.310989  0.864913  0.822160  0.282732  -0.053371  0.113849  -0.015606  0.658263  0.335457  0.215975  0.199817  0.586983  0.477474  0.371289  0.168428  0.068891  -0.227321  -0.420209  -0.509772  -0.596012  -0.778927  -0.758518  -0.734784  -0.507726  -0.577344  -0.743638  -0.606607  -0.766252  -0.922573  -0.675569  -0.625241  -0.171589  -0.314613  -0.354312  -0.190687  0.276263  0.146536  0.120134  0.197056  0.077303  -0.039126  0.247769  0.337988  0.531532  0.328400  0.328592  0.432108  0.738949  0.549114  0.362604  0.479417  0.099555  -0.076982  0.149804  0.079915  0.213350  -0.049890  -0.209807  0.033601  0.280334  0.230390  0.083771  0.040476  -0.199494  -0.336141  -0.269462  -0.199460  0.073866  -0.449483  -0.469507  -0.286208  -0.099584  -0.109636  -0.116364  -0.219767  -0.319846  -0.316601  -0.010031 ];
Ts = 1; 
unit = 'luna'; 
ntime = [ 1  2  3  4  5  6  7  8  9  10  11  12  13  14  15  16  17  18  19  20  21  22  23  24  25  26  27  28  29  30  31  32  33  34  35  36  37  38  39  40  41  42  43  44  45  46  47  48  49  50  51  52  53  54  55  56  57  58  59  60  61  62  63  64  65  66  67  68  69  70  71  72  73  74  75  76  77  78  79  80  81  82  83  84  85  86  87  88  89  90  91  92  93  94  95  96  97  98  99  100  101  102  103  104  105  106  107  108  109  110  111  112  113  114  115  116  117  118  119  120  121  122  123  124  125  126  127  128  129  130  131  132  133  134  135  136  137  138  139 ];
label = 'Somajul in Marea Britanie intre 1978 si 1989.(Serie stationarizata.)'; 
yunit = 'Rata somajului [%]'; 
