P = 60 ;
ys = [ -0.013460   -0.065765    0.487009    0.394864    0.037798    0.100811    0.078903   -0.257925    0.200325    0.373656    0.092065    1.080555   -0.040876   -0.007228    0.636499    0.330306   -0.260808    0.338158   -0.307798   -0.438673   -0.119470   -0.045186   -0.205823    0.813618   -0.116861   -0.182259    0.477420   -0.222820   -0.292982   -0.053063   -0.658065   -0.302988   -0.457832   -0.082596   -0.422280    0.768114   -0.211412   -0.290858   -0.085226   -0.269514   -0.143722   -0.437851   -0.371900   -0.410871   -0.644761    0.506427   -0.162305    0.319043    0.215469    0.091975    0.283560    0.570226   -0.018030   -0.176207    0.080697   -0.767321   -0.300259    0.581881   -0.480897    1.076402   -0.013460   -0.065765    0.487009    0.394864    0.037798    0.100811    0.078903   -0.257925    0.200325    0.373656    0.092065    1.080555   -0.040876   -0.007228    0.636499    0.330306   -0.260808    0.338158   -0.307798   -0.438673   -0.119470   -0.045186   -0.205823    0.813618   -0.116861   -0.182259    0.477420   -0.222820   -0.292982   -0.053063   -0.658065   -0.302988   -0.457832   -0.082596   -0.422280    0.768114   -0.211412   -0.290858   -0.085226   -0.269514   -0.143722   -0.437851   -0.371900   -0.410871   -0.644761    0.506427   -0.162305    0.319043    0.215469    0.091975    0.283560    0.570226   -0.018030   -0.176207    0.080697   -0.767321   -0.300259    0.581881   -0.480897    1.076402   -0.013460   -0.065765    0.487009    0.394864    0.037798    0.100811    0.078903   -0.257925    0.200325    0.373656    0.092065    1.080555   -0.040876   -0.007228    0.636499    0.330306   -0.260808    0.338158   -0.307798   -0.438673   -0.119470   -0.045186  ] ;
v = [  0.235331    0.182949    0.115568   -0.096814    0.205804    0.228423   -0.063960    0.288658    0.166277    0.078895    0.206513   -0.065868    0.201750   -0.045631   -0.183013   -0.260395    0.227223   -0.155159   -0.222540    0.075078   -0.167303   -0.044685   -0.187068   -0.359449   -0.211831   -0.289212   -0.481594   -0.383976   -0.096357   -0.218739    0.183879   -0.343503   -0.260885   -0.078266   -0.070648   -0.813030   -0.165412   -0.317794   -0.105175   -0.092556   -0.229938    0.032680   -0.094702    0.022917    0.095534   -0.046847   -0.009229   -0.131611    0.071008    0.293626   -0.098755    0.193862   -0.098519    0.299099   -0.008282   -0.060664    0.021954   -0.070427   -0.217809   -0.385191   -0.235331   -0.182949   -0.115567    0.096814   -0.205804   -0.228423    0.063959   -0.288658   -0.166277   -0.078895   -0.206513    0.065868   -0.201750    0.045631    0.183013    0.260395   -0.227223    0.155158    0.222541   -0.075078    0.167303    0.044685    0.187068    0.359449    0.211831    0.289212    0.481594    0.383976    0.096358    0.218739   -0.183879    0.343503    0.260884    0.078266    0.070647    0.813030    0.165411    0.317793    0.105175    0.092557    0.229938   -0.032680    0.094701   -0.022916   -0.095534    0.046847    0.009229    0.131611   -0.071008   -0.293626    0.098755   -0.193863    0.098519   -0.299099    0.008282    0.060664   -0.021954    0.070428    0.217809    0.385192    0.909815    0.296960   -0.230895    0.326250   -0.571605    0.090540   -0.152313   -0.600169   -0.203023    0.269121   -0.933733   -0.366588   -0.259443   -0.487298   -0.855152   -0.103007   -0.615862   -0.188717    0.403428   -0.479427   -0.252281    0.189864  ] ;
Ts = 1; 
unit = 'luna'; 
ntime = [ 1  2  3  4  5  6  7  8  9  10  11  12  13  14  15  16  17  18  19  20  21  22  23  24  25  26  27  28  29  30  31  32  33  34  35  36  37  38  39  40  41  42  43  44  45  46  47  48  49  50  51  52  53  54  55  56  57  58  59  60  61  62  63  64  65  66  67  68  69  70  71  72  73  74  75  76  77  78  79  80  81  82  83  84  85  86  87  88  89  90  91  92  93  94  95  96  97  98  99  100  101  102  103  104  105  106  107  108  109  110  111  112  113  114  115  116  117  118  119  120  121  122  123  124  125  126  127  128  129  130  131  132  133  134  135  136  137  138  139  140  141  142 ];
label = 'Somajul in Franta intre 1980 si 1990.(Zgomot colorat.)'; 
yunit = 'Rata somajului [%]'; 
